1 M6 G40 G17 1 0 0 0 0 0 0 0
5 G0 G40 G17 0 5 55 0 0 0 0 0
8 G1 G40 G17 3000 5 55 -6 0 0 0 0
8 M03 G40 G17 800 0 0 0 0 0 0 0
10 G1 G41 G17 3000 25.5278640450004 62.2360679774998 -6 0 0 0 0
20 G1 G41 G17 3000 36.9098300562505 85 -6 0 0 0 0
20.1 G1 G41 G17 3000 40 85 -6 0 0 0 0
30 G2 G41 G17 3000 69.5803989154981 60 -6 0 -30 0 30
40 G1 G41 G17 3000 90.6350832689629 60 -6 0 0 0 0
50 G2 G41 G17 3000 110 75 -6 19.3649167310371 -5 0 20
50.1 G1 G41 G17 3000 115 75 -6 0 0 0 20
50.2 G1 G41 G17 3000 115.883484054146 73.9223227027637 -6 0 0 0 15
60 G1 G41 G17 3000 110.239348207923 45.7016434716524 -6 0 0 0 15
70 G1 G41 G17 3000 116.708203932499 32.7639320225002 -6 0 0 0 15
70.1 G1 G41 G17 3000 115 30 -6 0 0 0 15
80 G1 G41 G17 3000 91.7539052967911 30 -6 0 0 0 15
90 G1 G41 G17 3000 64.6289202364263 8.30001195170821 -6 0 0 0 15
100 G1 G41 G17 3000 35.8907279243665 37.038204263768 -6 0 0 0 15
110 G1 G41 G17 3000 25.5278640450004 57.7639320225002 -6 0 0 0 15
120 G1 G40 G17 3000 5 60 -6 15 0 0 15
130 G0 G40 G17 3000 5 60 50 15 0 0 15
140 M2 G40 G17 0 0 0 0 0 0 0 0
